9
162857493
534129678
789643521
475312986
913586742
628794135
356478219
241935867
897261354
end

9
000001072
320070004
600000000
740010003
008000000
000500900
006020000
280009300
001000008
end

030005008
907103400
001200070
000000029
000000300
040030807
003020010
020070005
000800000



162857493
534129678
789643521
475312986
913586742
628794135
356478219
241935867
897261354
end

003020600
900305001
001806400
008102900
700000008
006708200
002609500
800203009
005010300

000001072
320070004
600000000
740010003
008000000
000500900
006020000
280009300
001000008

000000000
000000000
000000000
000000000
000000000
000000000
000000000
000000000
000000000

16
B07805E0300AD0C0
004007000C0FA002
A000000000043700
0050009F00000008
0400B8000E079300
00E37C0000FDB004
9F07005D03000080
500D0F3024A8C000
08000000B00000D5
00D000000800F0E0
00A090F0067000BC
000C0AB0000E7240
7A090B1000500630
D0CEF070A0000800
0000E0A00D005000
063509C00B00E000